#include "feature_tracking.hpp"

const float FeatureTracking::uchar_normalize_table[] = {
	0.0000000f, 0.00392157f, 0.00784314f, 0.0117647f, 0.0156863f, 0.0196078f, 0.0235294f, 0.0274510f,
	0.0313726f, 0.03529410f, 0.03921570f, 0.0431373f, 0.0470588f, 0.0509804f, 0.0549020f, 0.0588235f,
	0.0627451f, 0.06666670f, 0.07058820f, 0.0745098f, 0.0784314f, 0.0823529f, 0.0862745f, 0.0901961f,
	0.0941176f, 0.09803920f, 0.10196100f, 0.1058820f, 0.1098040f, 0.1137250f, 0.1176470f, 0.1215690f,
	0.1254900f, 0.12941200f, 0.13333300f, 0.1372550f, 0.1411760f, 0.1450980f, 0.1490200f, 0.1529410f,
	0.1568630f, 0.16078400f, 0.16470600f, 0.1686270f, 0.1725490f, 0.1764710f, 0.1803920f, 0.1843140f,
	0.1882350f, 0.19215700f, 0.19607800f, 0.2000000f, 0.2039220f, 0.2078430f, 0.2117650f, 0.2156860f,
	0.2196080f, 0.22352900f, 0.22745100f, 0.2313730f, 0.2352940f, 0.2392160f, 0.2431370f, 0.2470590f,
	0.2509800f, 0.25490200f, 0.25882400f, 0.2627450f, 0.2666670f, 0.2705880f, 0.2745100f, 0.2784310f,
	0.2823530f, 0.28627500f, 0.29019600f, 0.2941180f, 0.2980390f, 0.3019610f, 0.3058820f, 0.3098040f,
	0.3137260f, 0.31764700f, 0.32156900f, 0.3254900f, 0.3294120f, 0.3333330f, 0.3372550f, 0.3411760f,
	0.3450980f, 0.34902000f, 0.35294100f, 0.3568630f, 0.3607840f, 0.3647060f, 0.3686270f, 0.3725490f,
	0.3764710f, 0.38039200f, 0.38431400f, 0.3882350f, 0.3921570f, 0.3960780f, 0.4000000f, 0.4039220f,
	0.4078430f, 0.41176500f, 0.41568600f, 0.4196080f, 0.4235290f, 0.4274510f, 0.4313730f, 0.4352940f,
	0.4392160f, 0.44313700f, 0.44705900f, 0.4509800f, 0.4549020f, 0.4588240f, 0.4627450f, 0.4666670f,
	0.4705880f, 0.47451000f, 0.47843100f, 0.4823530f, 0.4862750f, 0.4901960f, 0.4941180f, 0.4980390f,
	0.5019610f, 0.50588200f, 0.50980400f, 0.5137260f, 0.5176470f, 0.5215690f, 0.5254900f, 0.5294120f,
	0.5333330f, 0.53725500f, 0.54117600f, 0.5450980f, 0.5490200f, 0.5529410f, 0.5568630f, 0.5607840f,
	0.5647060f, 0.56862700f, 0.57254900f, 0.5764710f, 0.5803920f, 0.5843140f, 0.5882350f, 0.5921570f,
	0.5960780f, 0.60000000f, 0.60392200f, 0.6078430f, 0.6117650f, 0.6156860f, 0.6196080f, 0.6235290f,
	0.6274510f, 0.63137300f, 0.63529400f, 0.6392160f, 0.6431370f, 0.6470590f, 0.6509800f, 0.6549020f,
	0.6588240f, 0.66274500f, 0.66666700f, 0.6705880f, 0.6745100f, 0.6784310f, 0.6823530f, 0.6862750f,
	0.6901960f, 0.69411800f, 0.69803900f, 0.7019610f, 0.7058820f, 0.7098040f, 0.7137260f, 0.7176470f,
	0.7215690f, 0.72549000f, 0.72941200f, 0.7333330f, 0.7372550f, 0.7411760f, 0.7450980f, 0.7490200f,
	0.7529410f, 0.75686300f, 0.76078400f, 0.7647060f, 0.7686270f, 0.7725490f, 0.7764710f, 0.7803920f,
	0.7843140f, 0.78823500f, 0.79215700f, 0.7960780f, 0.8000000f, 0.8039220f, 0.8078430f, 0.8117650f,
	0.8156860f, 0.81960800f, 0.82352900f, 0.8274510f, 0.8313730f, 0.8352940f, 0.8392160f, 0.8431370f,
	0.8470590f, 0.85098000f, 0.85490200f, 0.8588240f, 0.8627450f, 0.8666670f, 0.8705880f, 0.8745100f,
	0.8784310f, 0.88235300f, 0.88627500f, 0.8901960f, 0.8941180f, 0.8980390f, 0.9019610f, 0.9058820f,
	0.9098040f, 0.91372500f, 0.91764700f, 0.9215690f, 0.9254900f, 0.9294120f, 0.9333330f, 0.9372550f,
	0.9411760f, 0.94509800f, 0.94902000f, 0.9529410f, 0.9568630f, 0.9607840f, 0.9647060f, 0.9686270f,
	0.9725490f, 0.97647100f, 0.98039200f, 0.9843140f, 0.9882350f, 0.9921570f, 0.9960780f, 1.0000000f
};

const char FeatureTracking::sobel_x[] {
	-1, 0, 1, -2, 0, 2, -1, 0, 1
};

const char FeatureTracking::sobel_y[] {
	-1, -2, -1, 0, 0, 0, 1, 2, 1
};

const float FeatureTracking::gaussian_matrix[] {
	0.000001f, 0.000031f, 0.000238f, 0.000465f, 0.000238f, 0.000031f, 0.000001f,
	0.000031f, 0.000962f, 0.007334f, 0.014357f, 0.007334f, 0.000962f, 0.000031f,
	0.000238f, 0.007334f, 0.055934f, 0.109492f, 0.055934f, 0.007334f, 0.000238f,
	0.000465f, 0.014357f, 0.109492f, 0.214332f, 0.109492f, 0.014357f, 0.000465f,
	0.000238f, 0.007334f, 0.055934f, 0.109492f, 0.055934f, 0.007334f, 0.000238f,
	0.000031f, 0.000962f, 0.007334f, 0.014357f, 0.007334f, 0.000962f, 0.000031f,
	0.000001f, 0.000031f, 0.000238f, 0.000465f, 0.000238f, 0.000031f, 0.000001f
};
